-3 -3 -3  2  1 21 10 29 13  4  3 31  2 22  5 25 12  8  6 23 16 26 27  5 24 14 17 24 11 11 23  0 16  4 31 10 30 13 30 28 19 -3 -3 -3 -3 -3 -3 -3 -3 -3 -3 13 15 30 20 31 12  3 24 11 22 16  0  7
-3 -3 -3  8 20  4 18 11  2 29 25 12 27 24 26  0 19  0  6  3  3 21  1 15  9 28 21 26  1 12 18 28 12  7 31  7 16 14 19 16 21 -3 -3 -3 -3 -3 -3 -3 -3 -3 -3 10 18  4  2 16 20  8 18 15  3 22  5 20
-3 -3 -3 -3 -3 14  3 14 23 29 16 15 24  0 20 13  8 10  2 15 18 22 10  2 12 26 27  6 11 29 17 21 22 14 25  3 24 31  5  9 11 -3 -3 -3 -3 -3 -3 -3 -3 -3 -3 27  4 26  1  7 30 12 10 27 10 15 21 11
-3 -3 -3 -3 -3 -3 -3 -2 -2 -2 -2 -2 27 10 10  0 22  8  8  2 21 17 16 24 29  6  0 14 14  9 22 30 23 22 22  9 17 27 14 30 -3 -3 -3 -3 -3 -2 -2 -2 -2 -2 -2 -2 20 20  7  8 21 27 24  9 24 19 30  6
-3 -3 -3 -3 -3 -3 -3 -2 -2 -2 -2 -2  9  7  2 15 16 15  9 15 17 22  8 13 13 25 17 23 16 27  8 27 31 28 16 20 25 16 12 22 11 -3 -3 -3 -3 -2 -2 -2 -2 -2 -2 -2 -3 23  8 27  3  0  1 15 10  5 10 22
-3 -3 -3 -3 -3 -3 -3 -2 -2 -2 -2 -2  3 11 24 10  9 25 12 11  1  5 20 23 16 16 16  9 20  8 30  0 16 24 25 11 11 28  1 -3 -3 -3 -3 -3 -3 -2 -2 -2 -2 -2 -2 -2 -3  1 18  7  0 11 19  2  5 24 30 19
-3 -3 -3 -3 -3 -3 -3 -2 -2 -2 -2 -2 -3 -3 24 21  8 24  6  3 16 12 24 11 29 30 15  8 23 27 16 29 31 10  0 27 14  0  5 24 -3 -3 -3 -3 -3 -2 -2 -2 -2 -2 -2 -2 -3  4  0  7  0 27 26 19 30  4 28 28
-3 -3 -3 -3 -3 -3 -3 -2 -2 -2 -2 -2 -3 30 18 23 19  4 14 17 23 22 25 18  1  5 15  2 10 31 18  7 24 20  8  6 14  1 21 23 18 -3 -3 -3 -3 -2 -2 -2 -2 -2 -2 -2 25 23  6 29  4  2 25 21 31  5 17 26
18 -3 -3 -3 -3 -3 -3 -2 -2 -2 -2 -2 -3 -3 22 15  6  1 20  6 20 23 24 15 23  6  5  9 18 10 23 26  7  3  2 27  1 24 17 -3  2 -3 -3 -3 -3 -2 -2 -2 -2 -2 -2 -2 16 25 10 16  8 31 22 22 10 29  6 28
6 -3 -3 -3 -3 -3 -3 -2 -2 -2 -2 -2 -3 14  9 25 31 10  3 28 16  0 25 11 28 22 14  1 10 10 12 30 20 11 31  1 26 12  6 -3 -3 -3 -3 -3 -3 -2 -2 -2 -2 -2 -2 -2 20 22 28 12 21 20  0 10  9 31 22 12
13 -3 -3 -3 -3 -3 -3 11 -3 -3 -3 -3 -3 14  7  1  0 14 19 26 30 25 28  7 30 23 24 12 24 14 28  2 17 11  3  7 26  1 31 -3 -3 -3 -3 -3 -3 -3 -3 -3 17 23  3 20 26  1 20 29 10 28  9 28  4  5 31  3
14 -3 12  6  9 11 -3 28 14 -3 -3 19 -3 18 10  0  5 11 24 25  6  2  8 21 23  3 15 29  6 19  6 12  2  6 26 16 13 19 12 -3 -3 -3 -3 -3 -3 -3 -3 -3  9 13 18 11 29  2  3  8  9 11 19 13 18 19  9 12
-3 -3  6 31 10  0 -3 -3 -3 -3  7 10 26 -3 -3  5 -3 -3 18 11  6  6 17  4 12 24  6  4  0 25 16 17 19  2  6 22 14 17 20 16 -3 -3 -3 -3 -3 -3 -3 19  0 29  5 11  2  4  8 22 13  8  6 23 30 30 31 20
-3 -3  6 20  2 -3 -3 -3 -3 -3 -3 -3 -3 -3 -3 -3 -3 23 18 15  9 19  4 20  6 21  7  6  5 22 21 11  2 19 30 25  9 20 27 22  8  9 19 -3 -3 -3  5 17 27  1  2 21 31 18 12 14  5  3  7 12 14  3 24 25
-3 -3 -3  2 10  4  3 30 -3 -3 27 14 -3 -3 -3 22 -3 -3 -3 -3 21  1 20 26  7 20 27  2 16 16 18 10  3 25  5 19 23 16 30  1 16 -3 -3 -3 -3 -3 20 18  3 23 21 18  4 17 20  0 27 12 16 16  6 28 12 15
-3 -3 -3 29  4 31  8 17  9 11 18 -3 -3 -3 -3  5 18 21 -3 -3 -3 15 28 11  9 11 20 20 16 14 10 16 20 12 26 11  5 28 31 13 18  6 28  0 12  1 19 11 10  6 19 26 30 22 25 17 17 13 20  8  2  3  3 28
-3 27  0  6  1  8 30 24 12  5 17 -3 -3  3 -3 31 10 19 23  3 17  4 23 27 18 22  9  2 28  7 31 11 25 13 11 25 26  8 26  0 13  7 21 25 25 17  7 30 15 13 18 20  5 21 13  4 27 15  9 17 25 19  5 10
-3 27 10 -3 -3 -3 -3  6 12 28 30 -3 -3 -3 -3  4 16 16 14  1 29 16 23 21 26 23 15 18 10  7 14  8  0  3 13  0  2  8 16 13  4  4 12 28 22 21  6 30  2 22  8 10  6 17 25 22 15 28 20  5 16 17 29 14
-3 -3 -3 -3 -3 -3 -3  1 -3 -3 30 -3 -3 -3 -3 24 21 13 14  9 28  1  3 23 22 18  9 11 15 18 10  7 25  0  2 10 28  3 26 11  7  5  1 15  5 30  6  9 20 24 18 26 13 31 26 16  3  9  9 25 19 17 30  8
8 15 -3 -3 -3 -3  4 -3 -3 -3 -3 -3 -3 -3 -3 -3  6  2 18  2 23  5  7 10 13 18  5 22 21 18 25 31 31 27  6 15  7 25 29 25 23 29 25 30 30  7 18  2  0 17 21 23 27  9 15 30 26 11  5  5  5 25  3 18
29  6 -3 -3 -3 -3 -3 -3 19 16 -3 -3 -3 -3 -3 -3  6 29 14 22  7  6 27  7 31 31 29 10 12 29 31  3 26 18 15 14 11 22 13 27 27  7  3 -3 -3 -3 -3  9 11 11 20  9 23 24  5 23 25  7 11  8 11 13 28 23
9 13  5 -3 -3 -3  1 -3  5 -3 -3 -3 -3 -3 -3 10 16 10 30 12  2 13 23 28 18 26 31  6  5 31  8  3  6 12 27 20  3 31 10 22 31 22 -3 -3 -3 -3 -3 -3 16 17 16  5 14  3 17 12 13  9 22 11 23 20  6 30
13 29 28 -3 -3 -3 26 20 -3 -3 -3 -3 -3 -3 -3 10 21  5 12  2  6 14  4 30  9  3 12  8 28 24 21 26 25 18 26 11 13 13 24 -3 -3 -3 -3 -3 -3 -3 -3 -3 -3  2 24 25 12 10  5 17 15  0 15 13 10 17 14 29
17 13 -3 -3 -3 -3 -3 -3 -3 -3 -3 -3 -3 -3  3  7 10 26  0 25 15 24  7 15 24 14  2 18  5  1 20  4 22 21 21 25 23 19  1 -3 -3 -3 -3 -3 -3 -3 -3 -3 -3 -3 -3 -3 -3  6 28 27 20  0 13 15 10 24  7 22
10 30 -3 -3 -3 -3  8  0 -3 -3 -3 -3 -3 -3 -3 17 30 31 12  7 10  6  8  5  0 12 13  6  1  9 26 18 30 11  9  0 15  7 16 -3 -3 12  3 -3 -3 -3 -3 -3 -3 -3  3 -3 -3 27 21  5 16 19 25  9 18  3 29 19
2 16 -3 -3 -3 -3 -3 -3 -3 -3 -3 17 27 -3 31  3  4 25  9  7 24  8 10 10 20 16 16 20  9 10 23 25  1 11  1 17 11 27 15 17 -3 19  5 -3 -3 -3 -3 -3  7 -3 -3 -3 -3 -3 18 31 24 29 24  3  9 24 12  3
31 -2 -2 -2 -2 -2 -3 -3 -3 -3 -3 -3 -3 -3 -3 11 15  2 19  3 27 12  8  7 21  0  8 15  5 27 15 25 17 28  7 31 28 31 30  2 -3 -3 17 -3 -3 -3 -3 -3 -3 -3 -3 -3 -3 -3 -3 12 28 23  9 28 29 22 28  8
12 -2 -2 -2 -2 -2 -3  0 -3 26 -3 -3 -3 -3 -3 28  1  6 18 27 11  7  3  6  3 21 25 18  8 15  0 31  5 10 23  4 11 -3 -3 -3 -3 23 -3 -3 -3 -3 -3 -3 -3 -3 -3 26 -3 17 14 26 11 31 13  3 20 19  3 31
24 -2 -2 -2 -2 -2 -3 -3 -3 13 -3 -3  2 25 27 23  9 26 16  1 17 16 25 31  8 10 11 25 15  4 24 25 16 29 19 13 -3 -3 -3 -3 28 25 -3 -3 -3 -3 -3 -3 -3 -3 -3 19  8  8 26  9 24 18 22 15 19  1  7 21
27 -2 -2 -2 -2 -2  8 -3 -3 -3 -3 -3 28 25 22  0 31 20  7  2 27 17 17 31  1 24 27 18  1 26  2  4  6 18 22  5 -3 -3 -3 -3 -3  0 -3 -3 -3 -3 -3 -3  8 26 26 11 23  7 24  9 25  6  4  6 31 19 21 27
-3 -2 -2 -2 -2 -2  4 -3 -3 15 -3 15 22  6 25 29  5  1 10  5 10  9 30  5  5  4 16 25  6  4 21 15  2 27 23 28 20  3  6 -3 -3 -3 -3 -3 -3 -3 -3  1  7 16 24 24 29  0 27 27 16 12 30 11 16 15 11 28
-3 -3 -3 -3 17 29 22 30 -3  9  1  6 15 28 14 23 24 17 10 31 29  1  7 15 15 31 22 14  8 21 25 27 13  3  5  5  8 30  0 18 29 -3 -3 -3 -3 -3 -3 -3 23 29 12 19 30 19 15 24 13 31 16 18 10 12  3 30
-3 -3 -3 -3 -3  3 28  8 -3 13 27 21 20 26 10 27 19 10 18 22 14 20 27 21 18 28 10 16 13  0 15  0 25 21  8 20 23 27  9 12 13 -3 -3 -3 -3 -3 -3 -3  1 11  7 31 15  0  2 21  6 26 13 25 22 13  6 11
-3 -3 -3 -3 -3 -3 -3 -3 -3  1 31 22 13 18 17 23  7 24 16 17  9 21 18 13  2 17 26  5 16 30 19  6 23 21 15 16 14 13 26  1 -3 -3 -3  0 -3  6 29  0 23 14 12  1 29  9  7  8 14 12 11 16  5  8  0  5
-3 -3 -3 -3 -3 -3 -3 -3 -3 -3 -3 -3 -3 27 30 12 28 13 22  4  6 23 16 19 14  4 15  5 24 17 29  8 30 10 23 31 18 26 28  7  7  6 -3  0 10  0  5 18 23 18 15 24 17 22  5 10  0 14 20 17 30 12 28 20
-3 -3 -3 -3 -3 -3 -3 -3 -3 -3 -3 -3 -3 -3 -3 30  7  6 22 22  2 10 22 26 27 19 27 10 27 31 17  5 31 30 15 18 13 26  9  4  1  8 -3 21 26  3  6 15 23 24 14 21  7 25 14  6 11  9  9 11 22 28 15  6
-3 -3 -3 -3 -3 -3 -3 -3 -3 -3 -3 -3 -3 -3 11 13  4 22 24 10 25 20  4 25 14 22  7 29  6  8 25 11 23  3 28 16  3  2 30 12 14 27 -3 17 20  5 15  5  7 17 29  7 19 11 30  4  2  1  7  1  8  0 21 12
19  3 -3 -3 -3 -3 -3 -3 -3 -3 -3 -3 -3 -3  1 15  3  3 26 30 28 15 19 15 17  8 10  5  3 24 12 26  7 20  1 28 16 29 12 27 14 -2 -2 -2 -2 -2 -2 16  4 22 23 30 27  4 16 21 23  3  6  9 22  4 27  0
21  9 25 -3 -3 -3 -3 -3 -3 -3 -3 -3 -3 -3 12  0  9 30 26 21 25  3 23 12 25  6 20  5 11 20  5 24 31 30 11 15  1 19 25 20 17 -2 -2 -2 -2 -2 -2 16 30 16  3  1 24 14 24 11 17  8  0  8  5 30 19 28
7 21 30 -3 17 -3 -3 -3 -3 -3 -3 -3 -3 -3 -3  4 27  4 24  2 11 15 12  9 24 30 11  8  7 16 23  2 18  3  7 30  2 27 22 16  6 -2 -2 -2 -2 -2 -2 12 13 15 15 29 18 18  1  7 24 27  0 17 16 13 31 26
15 30 -3 -3 -3 -3 -3 10 19 -3 -3 -3 -3 -3 -3 -3 10 13 22 28  4 19  2 19 25 15  5 15  6 18 28 28 17 31 18 10  7 13 29  0 29 -2 -2 -2 -2 -2 -2 20  6 24 12  5 13 12 30  3 10 23 25  8  3 19 10  3
11 19 -3 -3 -3 22  3 25  4 -3 -3 -3 -3 17 -3 -3 -3 25 30 13 19 31 23 17 19 17 22 28  7 17 18 16 27  7 22 28  1 12  0 14 11  5 12 28  5  9  8  2 14  8 20 12  7  7  0 29 27  2 11 19 29 24  1 15
-3 -3 -3 -3 -3  9 27 17  8 27 -3 -3 -3 -3 -3 -3 19 10 15 26  7 25 16 27 24 15 30  9 22 18 25  6 20 24  4 18 13 19  4 27 15 23 23 13  7 31 27 20 22  0  8  7  5 22 28  0 23 28  0  5 28  3  2  0
-3 -3 -3 -3 -3 -3 14  6  4 15 -3 -3 -3 -3 26 -3  0 10 28 25  6 24 19 30 10  6  3 21 23 11 19  2 27 11  4 11 26 29 21 28 26  7 10  5 10 11  0 22 10 25 26 10  7 19  9 10 27 28 18 26 15  7 30 31
-3 -3  5  1 -3 -3 -3 -3 -3 -3 -3 -3 -3 -3 -3 -3 15 23  3 15  8 25  0  2 31  5  7 25 24  3 14 29 30 13 28 10 27 18 29 19 16 31  3 22 11 15 26  1 17 25  4 11  9 12 29 30 22  8 24 15  1 14  7  5
-3 -3 -3 -3 -3 -3 -3 23  8 13 -3 -3 -3 -3 -3 -3  6 31 21 29 26  4  1  3 19 12 28 13 16 25 13 13 24  9 15 10  2  8  9 12  7  6 18  7 29 19 19  8 29 20 19 11 20 31  3 30 18 20 12  4  4 17 17 27
-3 -3 -3 -3 -3 10 14  0 -3 -3 -3 27 -3 -3  9 15 24  7  0  2 26 13  1 11 30 24 15 23 19  8 18 25 25 17  3  4 23 21 25 16  8 23 15 26  6 11 27 29 13 19 19 30  0 28 15  5  4 17 28 22  4 28 15 18
3  7 -3 -3 -3 28  9  8 -3 -3 -3 14 -3 -3 25 23 12  0  4 11 25 18  4 13 10 30  4 14 31  7  7  5 11 11 25 19 12 31  9  2  5  8 17 27 26 28 18 18  1 27  2 17 22 17 22  2 26  2  0 10  0  1 25 15
6 15 30 -3 -3 20  5  7 24 -3 -3 -3 -3 -3 25 22 14 10 30 27  2 22  6  3  4 15 26 19  3  9 10 28 20  7  1 31  2 18  9 17 19 27 27 29 18 28 20  6 23 26 28  2  9 15  6 16 -3 -3 -3  2 22 14 13  8
5  5 18 27 -3 24 17  6 29 13 -3 -2 -2 -2 -2 -2 -2 -2 14  9  4 22 12 15 16 23 27 20 29 10 29  4 18 14 27  2  7  8 27 26 18 22 23  3  3 25  6 21 10 19 12 12 28 19  8  3 -3 25 -3 -3 29 20  9 17
26 20  1 26 29 22 16  4 29 -3 -3 -2 -2 -2 -2 -2 -2 -2 15 15 16 31 13 16 26 27 29  2 29 24 10  5  1 10 24 31  9 11  0 29 25  0 16  2 17  1 26  7 19 10 28  4 12 10 -3 10 -3 -3 -3 -3 17 21  4 11
6 10 17  5 27 27 24 15 27 -3 -3 -2 -2 -2 -2 -2 -2 -2  0 31 11 13 21 28  3 12  7  4  0 30  1 25 21  2 31 14 12  1 25 23  1 14 23  1  8 25 13 28 28  1 26  2 12 -3 -3 -3 -1 -3 -3 -3  8  4 10 13
19 23 13 30  3 14 15 11 23  0 31 -2 -2 -2 -2 -2 -2 -2  1  5 23  9  6 27 11  1 27 10 31 14  7 14  5 13  8 11 10  3 29 21 25 23 15  6 23  5 29 17  1 24  1 12  7 -3 -3 -3 -3 -3 -3 -3 -3 -3 -3  5
1 20 25 28 29 20 13 15  8 10  6 21 23 27 23 23 17 13 17  2 11 16 11 31 21 19 26  9  4  8  7  1 28  1 29 13  9 17 23  6 26  5 15 11 17 29  7 31 24  6 13  3 31 -3 -3 -3 -3 27 16 -3 -3 -3 -3 15
31  9  4  6  0 18  1 31 15 28  0 28 30 18 29 25  2  1 15 19 31  6 17 16  2  4  0  8 12 25 12 18  6  1 13 13  8 18 27 17 23 12  8 24 25 19 30 26 31 10 18  2 19 -3 -3 -3 -3 -3 -3 -3 -3 -3 -3 -3
1 26 11 31 21 20 21 13  5  6 18 14 15  7 22  7 21  2 20 16 30 28 13 30  1 14 27  1 17  0 11 15 12 25  6  4 15 21  4  2 24  5  6  5 21 16 18 16  4  6  1 -3 27 17 11 -3 -3 -3 -3 -3 -3 -3 -3 -3
24  7 25  1 24 18  2 21 17 29 15  8 14 26 25  0  4  7 26  2 31 28 30  7  7  1  5  8 17 21 18 28 16 28 23 16  3  9 31 10 29 13 23 12 12 20 30 25 30  0 -3 -3 -3 -3 -3 -3 -3 -3  3 -3 -3 -3 -3 -3
31 29 21  5 13  6 16 13 28 10 12  8 22  8  1 30 31  6 26 19 30 16 19 29 24 16  4  2  3 22  0 19  5  5 21 24  4 12 29 10 13 23 31 28  0  9  2 10 27  9 -3 -3 -3 -3 -3 -3 -3 -3 -3 -3 -3 -3 -3 -3
22 13 20 15 31 25 16 26  2 20 25 20  3  6  1  0 13  0 14  6  3 25 16 31 30  3 22 17 18  2 11 17 29 29 26 30 14 28 24 25  9 19 26 15 27 14 27 14  2 19 25 -3 -3 -3 -3 -3 -3 -3 -3 -3 -3 -3 -3 -3
3 11 10 12  6 28  9 20 15 26  4 14 21 29 20 14 11 18  5 26 20 31 17 10 13  6 19 16  6 12  8 21  7  1 22 20 11  5 11  5  1 18 24 29  5  1 13  0 25  5 17  7 -3 -3 -3 -3 -3 -3 -3 14 22 -3 -3 -3
31  2 22 24  8  4  9 20 15 10 20 30 27 20  3 10  1 12 26 31  2 15 11  1 18 31 17 20  1  5 30 14 12  4  8 25 26 18 27  9  0 28 23 21  0 24 16 17 21 21  8 17 23 -3 -3 -3 -3 -3 -3 -3 -3 -3 -3 -3
17  6 25 29 25 11 26 14  3  4  9 18 31 23 25 13 16 31 12 31 11 27 19  5  0 29 10  4 27  1 21 29 18 26 17  0  4 24 16 30 22 29  4  7 14 29 24 22 11  5  9  0  3 -3 -3 -3 -3 -3 -3 -3  4 13 27 30
4 12  1 16  9  9 20  8  6  1  7  7 14  0 14 25 14 12  7 28  7 24 19 30 14 28 22 21  8 19 14 26 10 27  9 20  5  6  2  2 24 14  7 30 10  3 30  7 16 13 14 24 16 -3 -3 -3 -3 -3 -3  0  1 30 12 26
25  1  9 12 12 12 17 11  7 30  5  8 30  6 24 24  2 22 21 26  9  1  2 25 30 16 11 29 10 10 30 31 20  1 23 29 28 17 30  6 15 29 23  3  8 22 22 13  6 18  5 26 21 -3 -3 -3 -3 -3 -3 31 25 30 30 14
